0,398
103,107
0,397
103,106
0,395
0,393
103,105
0,392
103,104
0,298
0,391
0,389
103,103
103,102
0,388
0,387
0,385
0,509
103,101
103,100
0,508
103,99
0,506
0,567
0,537
0,505
0,306
103,98
0,503
103,97
0,443
0,499
0,405
103,96
0,498
265,35
0,273
0,270
0,544
14,9
10,209
10,183
10,129
10,243
10,197
10,259
10,125
10,307
11,26
11,16
11,23
9,5
8,5
8,9
8,13
0,516
2,2
259,503
259,502
259,501
259,500
259,499
259,498
259,497
259,496
259,495
259,494
259,493
259,492
259,491
259,490
259,489
259,488
259,487
259,486
259,485
259,484
259,483
259,482
259,481
259,480
259,479
259,478
259,477
259,476
259,475
259,474
259,473
259,472
259,471
259,470
259,469
259,468
259,467
259,466
259,465
259,464
259,463
259,462
259,461
259,460
259,459
259,458
259,457
259,456
259,455
259,454
259,453
259,452
259,451
259,450
259,449
259,448
259,447
259,446
259,445
259,444
259,443
259,442
259,441
259,440
259,439
259,438
259,437
259,436
259,1
217,1
103,95
103,94
103,93
103,92
103,91
103,90
103,89
103,88
103,87
103,86
103,85
103,84
103,83
103,82
103,81
103,80
103,79
103,78
103,77
103,76
103,75
103,74
103,73
103,72
103,71
103,70
103,69
103,68
103,67
103,66
103,65
103,64
103,45
103,44
103,43
103,42
103,41
103,40
103,1
43,3
43,1
27,3
27,1
24,3
24,1
20,3
20,2
20,1
19,3
19,2
19,1
18,3
18,1
14,6
14,3
14,1
13,3
13,1
12,3
12,2
12,1
11,28
11,21
11,20
11,14
11,12
11,10
11,9
11,7
11,3
11,2
11,1
10,238
10,228
10,212
10,186
10,164
10,70
10,3
10,2
10,1
9,7
9,6
9,4
9,3
9,2
9,1
8,18
8,17
8,16
8,15
8,12
8,4
8,3
8,2
8,1
3,3
3,2
3,1
2,1
2,3
0,550
0,495
0,493
0,444
0,408
0,396
0,0
265,34
265,33
265,32
265,31
265,30
265,29
265,28
265,27
265,26
265,25
265,24
265,23
265,22
265,21
265,20
265,19
265,18
265,17
265,16
265,15
265,14
265,13
265,12
265,11
265,10
265,9
265,8
265,7
265,6
265,5
265,4
265,3
265,2
265,0
0,546
0,276
0,275
0,272
0,271
0,12
0,515
0,10
0,8
0,528
0,394
0,268
0,466
0,267
0,532
0,530
0,266
0,514
0,479
0,265
0,527
0,264
0,512
0,536
0,263
0,511
0,565
0,262
0,462
0,284
0,261
0,510
0,291
0,260
0,459
0,494
0,259
0,457
0,384
0,258
0,455
0,425
0,257
0,453
0,285
0,256
0,467
0,492
0,255
0,308
0,451
0,254
0,465
0,450
0,253
0,564
0,449
0,252
0,540
0,251
0,490
0,478
0,250
0,526
0,529
0,249
0,534
0,563
0,248
0,445
0,477
217,3
14,10
43,4
32,3
32,5
215,3
215,4
214,1
44,3
223,3
223,1
223,5
84,3
84,1
14,5
54,3
54,4
54,5
223,2
246,4
246,1
246,6
246,8
246,10
246,11
246,13
246,14
246,16
246,17
246,19
246,21
246,22
246,24
246,25
246,27
246,29
246,30
246,32
246,33
246,35
246,64
246,66
246,68
246,69
246,71
246,72
246,74
246,76
